3.95 0.400002 0.632911 0.400002 1.89873 0.400002 1.26582 0.450002 1.26582 
4.029 0.450002 1.89873 0.550002 1.89873 0.500002 1.26582 0.550002 1.26582 
4.108 0.600002 2.53165 0.700002 1.26582 0.600002 2.53165 0.650002 1.89873 
4.187 0.800002 1.26582 0.800002 1.26582 0.800002 1.89873 0.800002 1.89873 
4.266 0.900002 1.89871 0.900002 1.89871 0.950002 1.2658 0.950002 1.2658 
4.345 1.05 0.632911 1.05 1.26582 1.05 1.26582 1.05 1.89873 
4.424 1.1 1.89873 1.15 1.26582 1.15 1.89873 1.2 0.632911 
4.503 1.25 1.26582 1.25 1.26582 1.3 0.632911 1.25 1.26582 
4.582 1.35 0.632911 1.35 1.26582 1.35 0.632911 1.35 0.632911 
4.661 1.4 1.26582 1.45 0 1.4 0.632911 1.4 1.26582 
4.74 1.5 0.632911 1.45 1.26582 1.45 1.26582 1.5 0.632911 
4.819 1.55 0 1.55 0 1.55 0 1.55 0 
4.898 1.55 0 1.55 0.632911 1.55 0.632911 1.55 0.632911 
4.977 1.55 0.632911 1.6 0 1.6 0 1.6 0 
5.056 1.6 0 1.6 0.632911 1.6 0.632911 1.6 0 
5.135 1.6 0.632911 1.65 0 1.65 0 1.6 0.632911 
5.214 1.65 0 1.65 0 1.65 0 1.65 0 
5.293 1.65 0 1.65 0.632911 1.65 0.632911 1.65 0 
5.372 1.65 0 1.7 0 1.7 0 1.65 0 
5.451 1.65 0.632911 1.7 0 1.7 0 1.65 0.632911 
5.53 1.7 0 1.7 0 1.7 0 1.7 0 
5.609 1.7 0 1.7 0 1.7 0 1.7 0 
5.688 1.7 0 1.7 0 1.7 0 1.7 0 
5.767 1.7 0 1.7 0 1.7 0 1.7 0 
5.846 1.7 0 1.7 0 1.7 0 1.7 0 
5.925 1.7 0 1.7 0 1.7 0 1.7 0 
6.004 1.7 0 1.7 0 1.7 0 1.7 0 
6.083 1.7 0 1.7 0 1.7 0 1.7 0 
6.162 1.7 0 1.7 0 1.7 0 1.7 0 
6.241 1.7 0 1.7 0 1.7 0 1.7 -0.632911 
6.32 1.7 -0.632911 1.7 -0.632911 1.7 0 1.65 0 
6.399 1.65 0 1.65 0 1.7 -0.632911 1.65 -0.632911 
6.478 1.65 -0.632911 1.65 -0.632911 1.65 0 1.6 0 
6.557 1.6 -0.632911 1.6 0 1.65 -0.632911 1.6 0 
6.636 1.55 0 1.6 -0.632911 1.6 0 1.6 -0.632911 
6.715 1.55 -0.632911 1.55 0 1.6 -0.632911 1.55 -0.632911 
6.794 1.5 0 1.55 -0.632911 1.55 -0.632911 1.5 0 
6.873 1.5 -0.632911 1.5 0 1.5 0 1.5 -0.632911 
6.952 1.45 0 1.5 0 1.5 -0.632911 1.45 0 
7.031 1.45 -0.632911 1.5 -0.632911 1.45 0 1.45 0 
7.11 1.4 0 1.45 0 1.45 0 1.45 0 
7.189 1.4 0 1.45 0 1.45 0 1.45 0 
7.268 1.4 0 1.45 0 1.45 0 1.45 0 
7.347 1.4 0 1.45 0 1.45 0 1.45 0 
7.426 1.4 0 1.45 0 1.45 0 1.45 0 
7.505 1.4 0.632911 1.45 0 1.45 0 1.45 0 
7.584 1.45 0 1.45 0.632911 1.45 0 1.45 0.632911 
7.663 1.45 0.632911 1.5 0 1.45 0.632911 1.5 0 
7.742 1.5 0.632911 1.5 0 1.5 0 1.5 0.632911 
7.821 1.55 0.632911 1.5 0.632911 1.5 0.632911 1.55 0.632911 
7.9 1.6 0 1.55 0.632911 1.55 0.632911 1.6 0.632911 
7.979 1.6 0.632911 1.6 0.632911 1.6 0 1.65 0.632911 
8.058 1.65 0.632911 1.65 0 1.6 0.632911 1.7 0.632911 
8.137 1.7 0 1.65 0.632911 1.65 0.632911 1.75 0 
8.216 1.7 0.632911 1.7 0 1.7 0.632911 1.75 0.632911 
8.295 1.75 0 1.7 0.632911 1.75 0 1.8 0.632911 
8.374 1.75 0.632911 1.75 0.632911 1.75 0.632911 1.85 0.632911 
8.453 1.8 0 1.8 0 1.8 0 1.9 0 
8.532 1.8 0.632911 1.8 0.632911 1.8 0.632911 1.9 0.632911 
8.611 1.85 0 1.85 0 1.85 0 1.95 0 
8.69 1.85 0 1.85 0.632911 1.85 0 1.95 0.632911 
8.769 1.85 0.632831 1.9 0 1.85 0.632831 2 0.632831 
8.84801 1.9 0 1.9 0 1.9 0 2.05 0 
8.92701 1.9 0 1.9 0 1.9 0 2.05 0.632911 
9.00601 1.9 0 1.9 0 1.9 0 2.1 0 
9.08501 1.9 0 1.9 0 1.9 0 2.1 0 
9.16401 1.9 0 1.9 0 1.9 0 2.1 0.632911 
9.24301 1.9 0 1.9 0 1.9 0.632911 2.15 0 
9.32201 1.9 0 1.9 0 1.95 0 2.15 0 
9.40101 1.9 0 1.9 0 1.95 0 2.15 0.632911 
9.48001 1.9 0 1.9 0 1.95 0 2.2 0 
9.55901 1.9 0 1.9 0 1.95 0 2.2 0 
9.63801 1.9 0 1.9 0 1.95 0 2.2 0 
9.71701 1.9 0 1.9 -0.632911 1.95 0 2.2 0.632911 
9.79601 1.9 0 1.85 0 1.95 0 2.25 0 
9.87501 1.9 0 1.85 0 1.95 0 2.25 0 
9.95401 1.9 0 1.85 0 1.95 0 2.25 0 
10.033 1.9 -0.632911 1.85 0 1.95 0 2.25 0 
10.112 1.85 0 1.85 -0.632911 1.95 0 2.25 0 
10.191 1.85 0 1.8 0 1.95 0 2.25 0 
10.27 1.85 0 1.8 0 1.95 0 2.25 0 
10.349 1.85 0 1.8 0 1.95 0 2.25 0 
10.428 1.85 -0.632911 1.8 0 1.95 0 2.25 0 
10.507 1.8 0 1.8 0 1.95 0 2.25 0 
10.586 1.8 0 1.8 0 1.95 0 2.25 0 
10.665 1.8 0 1.8 -0.632911 1.95 0 2.25 0 
10.744 1.8 0 1.75 0 1.95 0 2.25 0 
10.823 1.8 0 1.75 0 1.95 0 2.25 -0.632911 
10.902 1.8 0 1.75 0 1.95 0 2.2 0 
10.981 1.8 0 1.75 0 1.95 0 2.2 0 
11.06 1.8 0 1.75 0 1.95 0 2.2 0 
11.139 1.8 -0.632911 1.75 0 1.95 0 2.2 0 
11.218 1.75 0 1.75 -0.632911 1.95 0 2.2 0 
11.297 1.75 0 1.7 0 1.95 0 2.2 0 
11.376 1.75 0 1.7 0 1.95 0 2.2 0 
11.455 1.75 0 1.7 0 1.95 0 2.2 0 
11.534 1.75 0 1.7 0 1.95 0 2.2 0 
11.613 1.75 0 1.7 0 1.95 0 2.2 0 
11.692 1.75 0 1.7 0 1.95 0 2.2 0 
11.771 1.75 0 1.7 0 1.95 0 2.2 0 
11.85 1.75 0 1.7 0 1.95 0 2.2 0 
11.929 1.75 0 1.7 0 1.95 0 2.2 -0.632911 
12.008 1.75 0 1.7 0 1.95 -0.632911 2.15 0 
12.087 1.75 0.632911 1.7 0 1.9 0 2.15 0 
12.166 1.8 0 1.7 0 1.9 0 2.15 0 
12.245 1.8 0 1.7 0 1.9 0 2.15 0 
12.324 1.8 0 1.7 0 1.9 0.632911 2.15 0 
12.403 1.8 0 1.7 0 1.95 0 2.15 0 
12.482 1.8 0 1.7 0.632911 1.95 0 2.15 0 
12.561 1.8 0.632911 1.75 0 1.95 0 2.15 0 
12.64 1.85 0 1.75 0 1.95 0 2.15 0 
12.719 1.85 0 1.75 0.632911 1.95 0 2.15 0 
12.798 1.85 0.632911 1.8 0 1.95 0 2.15 0 
12.877 1.9 0 1.8 0.632911 1.95 0 2.15 0 
12.956 1.9 0 1.85 0 1.95 0 2.15 0 
13.035 1.9 0 1.85 0 1.95 0.632911 2.15 0 
13.114 1.9 0 1.85 0.632911 2 0 2.15 0 
13.193 1.9 0.632911 1.9 0 2 0 2.15 0 
13.272 1.95 0 1.9 0 2 0 2.15 0 
13.351 1.95 0 1.9 0 2 0 2.15 0 
13.43 1.95 0 1.9 0 2 0 2.15 0 
13.509 1.95 0 1.9 0 2 0 2.15 0 
13.588 1.95 0.632911 1.9 0 2 0.632911 2.15 0 
13.667 2 0 1.9 0 2.05 0 2.15 0 
13.746 2 0 1.9 0 2.05 0 2.15 0 
13.825 2 0 1.9 0 2.05 0 2.15 0 
13.904 2 0.632911 1.9 0 2.05 0 2.15 0 
13.983 2.05 0 1.9 0.632911 2.05 0 2.15 0 
14.062 2.05 0 1.95 0 2.05 0.632911 2.15 0 
14.141 2.05 0 1.95 0 2.1 0 2.15 0 
14.22 2.05 0 1.95 0 2.1 0 2.15 0 
14.299 2.05 0.632911 1.95 0 2.1 0 2.15 0 
14.378 2.1 0 1.95 0 2.1 0 2.15 0 
14.457 2.1 0 1.95 0 2.1 0 2.15 0 
14.536 2.1 0 1.95 0 2.1 0.632911 2.15 0 
14.615 2.1 0 1.95 0 2.15 0 2.15 0 
14.694 2.1 0 1.95 0 2.15 0 2.15 0 
14.773 2.1 0 1.95 0 2.15 0.632911 2.15 0 
14.852 2.1 0 1.95 0.632911 2.2 0 2.15 0 
14.931 2.1 0 2 0 2.2 0 2.15 0 
15.01 2.1 0 2 0 2.2 0.632911 2.15 0 
15.089 2.1 0.632911 2 0 2.25 0 2.15 0 
15.168 2.15 0 2 0 2.25 0 2.15 -0.632911 
15.247 2.15 0 2 0 2.25 0 2.1 0 
15.326 2.15 0 2 0 2.25 0 2.1 0 
15.405 2.15 0 2 0 2.25 0.632911 2.1 0 
15.484 2.15 0 2 0 2.3 0 2.1 0 
15.563 2.15 0 2 0 2.3 0 2.1 0 
15.642 2.15 0 2 0 2.3 0 2.1 0 
15.721 2.15 0 2 -0.632911 2.3 0 2.1 0 
15.8 2.15 0.632911 1.95 0 2.3 0 2.1 0 
15.879 2.2 0 1.95 0 2.3 0 2.1 0 
15.958 2.2 0 1.95 0 2.3 0 2.1 0 
16.037 2.2 0 1.95 0 2.3 0 2.1 0 
16.116 2.2 0 1.95 0 2.3 0 2.1 0 
16.195 2.2 0 1.95 0 2.3 0 2.1 0 
16.274 2.2 0 1.95 0 2.3 0 2.1 0 
16.3531 2.2 0 1.95 0 2.3 0 2.1 0 
16.4321 2.2 0 1.95 0 2.3 0 2.1 0 
16.5111 2.2 0 1.95 0.632911 2.3 0 2.1 0 
16.5901 2.2 0 2 0 2.3 0 2.1 0 
16.6691 2.2 0 2 0 2.3 0 2.1 0 
16.7481 2.2 0 2 0 2.3 0 2.1 0 
16.8271 2.2 0.632911 2 0 2.3 0 2.1 0.632911 
16.9061 2.25 0 2 0 2.3 0 2.15 0 
16.9851 2.25 0 2 0 2.3 0 2.15 0 
17.0641 2.25 0 2 0.632911 2.3 0 2.15 0 
17.1431 2.25 0 2.05 0 2.3 -0.632911 2.15 0 
17.2221 2.25 0 2.05 0 2.25 0 2.15 0.632911 
17.3011 2.25 0 2.05 0 2.25 0 2.2 0 
17.3801 2.25 0 2.05 0 2.25 0 2.2 0 
17.4591 2.25 0 2.05 0 2.25 0 2.2 0.632911 
17.5381 2.25 0 2.05 0.632911 2.25 0 2.25 0 
17.6171 2.25 0 2.1 0 2.25 -0.632911 2.25 0 
17.6961 2.25 0 2.1 0 2.2 0 2.25 0 
17.7751 2.25 0 2.1 0 2.2 0 2.25 0.632911 
17.8541 2.25 0 2.1 0 2.2 0 2.3 0 
17.9331 2.25 0 2.1 0 2.2 0 2.3 0 
18.0121 2.25 0 2.1 0.632911 2.2 0 2.3 0 
18.0911 2.25 0 2.15 0 2.2 -0.632911 2.3 0 
18.1701 2.25 0 2.15 0 2.15 0 2.3 0.632911 
18.2491 2.25 0 2.15 0 2.15 0 2.35 0 
18.3281 2.25 0 2.15 0 2.15 0 2.35 0 
18.4071 2.25 0 2.15 0.632911 2.15 0 2.35 0 
18.4861 2.25 0 2.2 0 2.15 0 2.35 0.632911 
18.5651 2.25 0 2.2 0 2.15 0 2.4 0 
18.6441 2.25 0 2.2 0 2.15 0 2.4 0 
18.7231 2.25 0 2.2 0.632911 2.15 0 2.4 0.632911 
18.8021 2.25 0 2.25 0 2.15 0 2.45 0 
18.8811 2.25 0 2.25 0 2.15 0 2.45 0.632911 
18.9601 2.25 0 2.25 0 2.15 0 2.5 0 
19.0391 2.25 0 2.25 0 2.15 0 2.5 0 
19.1181 2.25 0 2.25 0.632911 2.15 0 2.5 0 
19.1971 2.25 0 2.3 0 2.15 0 2.5 0.632911 
19.2761 2.25 0 2.3 0 2.15 0 2.55 0 
19.3551 2.25 0 2.3 0 2.15 0 2.55 0 
19.4341 2.25 0 2.3 0 2.15 0 2.55 0.632911 
19.5131 2.25 0 2.3 0 2.15 0 2.6 0 
19.5921 2.25 0 2.3 0.632911 2.15 0.632911 2.6 0 
19.6711 2.25 0 2.35 0 2.2 0 2.6 0 
19.7501 2.25 0 2.35 0 2.2 0 2.6 0.632911 
19.8291 2.25 0 2.35 0 2.2 0 2.65 0 
19.9081 2.25 -0.632911 2.35 0 2.2 0 2.65 0 
19.9871 2.2 0 2.35 0 2.2 0.632911 2.65 0 
20.0661 2.2 0 2.35 0 2.25 0 2.65 0.632911 
20.1451 2.2 0 2.35 0 2.25 0 2.7 0 
20.2241 2.2 0 2.35 0 2.25 0.632911 2.7 0 
20.3031 2.2 0 2.35 0 2.3 0 2.7 0 
20.3821 2.2 0 2.35 0 2.3 0 2.7 0 
20.4611 2.2 0 2.35 0 2.3 0.632911 2.7 0.632911 
20.5401 2.2 0 2.35 0 2.35 0 2.75 0 
20.6191 2.2 0 2.35 0 2.35 0 2.75 0 
20.6981 2.2 0 2.35 0 2.35 0 2.75 0 
20.7771 2.2 0 2.35 0 2.35 0.632911 2.75 0 
20.8561 2.2 -0.632911 2.35 0 2.4 0 2.75 0.632911 
20.9351 2.15 0 2.35 0 2.4 0.632911 2.8 0 
21.0141 2.15 0 2.35 0 2.45 0 2.8 0.632911 
21.0931 2.15 0 2.35 0 2.45 0.632911 2.85 0 
21.1721 2.15 0 2.35 0 2.5 0 2.85 0 
21.2511 2.15 0 2.35 0 2.5 0 2.85 0 
21.3301 2.15 0 2.35 0 2.5 0.632911 2.85 0.632911 
21.4091 2.15 0 2.35 0 2.55 0 2.9 0 
21.4881 2.15 0 2.35 0 2.55 0.632911 2.9 0 
21.5671 2.15 0 2.35 0 2.6 0 2.9 0 
21.6461 2.15 0 2.35 0 2.6 0 2.9 0 
21.7251 2.15 0 2.35 0 2.6 0.632911 2.9 0 
21.8041 2.15 0 2.35 0 2.65 0 2.9 0.632911 
21.8831 2.15 0 2.35 0 2.65 0 2.95 0 
21.9621 2.15 0 2.35 0 2.65 0.632911 2.95 0 
22.0411 2.15 -0.632911 2.35 0 2.7 0 2.95 0 
22.1201 2.1 0 2.35 -0.632911 2.7 0.632911 2.95 0 
22.1991 2.1 0 2.3 0 2.75 0 2.95 0 
22.2781 2.1 0 2.3 0 2.75 0 2.95 0 
22.3571 2.1 0 2.3 0 2.75 0.632911 2.95 0 
22.4361 2.1 0 2.3 0 2.8 0 2.95 0.632911 
22.5151 2.1 0 2.3 0 2.8 0 3 0 
22.5941 2.1 0 2.3 0 2.8 0.632911 3 0 
22.6731 2.1 0 2.3 0 2.85 0 3 0 
22.7521 2.1 0 2.3 -0.632911 2.85 0.632911 3 0 
22.8311 2.1 0 2.25 0 2.9 0 3 0 
22.9101 2.1 0 2.25 0 2.9 0 3 0 
22.9891 2.1 0 2.25 0 2.9 0.632911 3 0 
23.0681 2.1 0 2.25 0 2.95 0 3 0.632911 
23.1471 2.1 0 2.25 0 2.95 0 3.05 0 
23.2261 2.1 0 2.25 -0.632911 2.95 0.632911 3.05 0 
23.3051 2.1 0 2.2 0 3 0 3.05 0 
23.3841 2.1 0 2.2 0 3 0 3.05 0 
23.4631 2.1 0 2.2 0 3 0 3.05 0 
23.5421 2.1 0 2.2 0 3 0.632911 3.05 0.632911 
23.6211 2.1 0 2.2 0 3.05 0 3.1 0 
23.7001 2.1 0 2.2 0 3.05 0 3.1 0 
23.7791 2.1 0 2.2 -0.632911 3.05 0.632911 3.1 0 
23.8581 2.1 0 2.15 0 3.1 0 3.1 0 
23.9371 2.1 0.632911 2.15 0 3.1 0 3.1 0 
24.0161 2.15 0 2.15 0 3.1 0 3.1 0.632911 
24.0951 2.15 0 2.15 0 3.1 0.632911 3.15 0 
24.1741 2.15 0 2.15 0 3.15 0 3.15 0 
24.2531 2.15 0 2.15 0 3.15 0 3.15 0 
24.3321 2.15 0 2.15 0 3.15 0 3.15 0 
24.4111 2.15 0 2.15 0 3.15 0 3.15 0 
24.4901 2.15 0 2.15 0 3.15 0.632911 3.15 0 
24.5691 2.15 0.632911 2.15 0 3.2 0 3.15 0 
24.6481 2.2 0 2.15 0 3.2 0 3.15 0 
24.7271 2.2 0 2.15 0 3.2 0 3.15 0.632911 
24.8061 2.2 0 2.15 0 3.2 0 3.2 0 
24.8851 2.2 0 2.15 0 3.2 0 3.2 0 
24.9641 2.2 0 2.15 0 3.2 0 3.2 0 
25.0431 2.2 0.632911 2.15 0 3.2 0 3.2 0 
25.1221 2.25 0 2.15 0 3.2 0 3.2 0 
25.2011 2.25 0 2.15 0 3.2 0 3.2 0 
25.2801 2.25 0 2.15 0 3.2 0 3.2 0 
25.3591 2.25 0 2.15 0 3.2 0 3.2 0 
25.4381 2.25 0.632911 2.15 0 3.2 0 3.2 0 
25.5171 2.3 0 2.15 0 3.2 0 3.2 0 
25.5961 2.3 0 2.15 0 3.2 0 3.2 0 
25.6751 2.3 0 2.15 0 3.2 0 3.2 0 
25.7541 2.3 0 2.15 0.632911 3.2 0 3.2 0 
25.8331 2.3 0.632911 2.2 0 3.2 0 3.2 0 
25.9121 2.35 0 2.2 0 3.2 0 3.2 0 
25.9911 2.35 0 2.2 0 3.2 0 3.2 0 
26.0701 2.35 0 2.2 0 3.2 0 3.2 0 
26.1491 2.35 0 2.2 0 3.2 0 3.2 0 
26.2281 2.35 0 2.2 0.632911 3.2 0 3.2 0 
26.3071 2.35 0 2.25 0 3.2 0 3.2 0 
26.3861 2.35 0.632911 2.25 0 3.2 0 3.2 0 
26.4651 2.4 0 2.25 0 3.2 0 3.2 0 
26.5441 2.4 0 2.25 0 3.2 0 3.2 0 
26.6231 2.4 0 2.25 0.632911 3.2 0 3.2 0 
26.7021 2.4 0.632911 2.3 0 3.2 0 3.2 0 
26.7811 2.45 0 2.3 0 3.2 0 3.2 0 
26.8601 2.45 0 2.3 0 3.2 0 3.2 0 
26.9391 2.45 0 2.3 0 3.2 0 3.2 0 
27.0181 2.45 0 2.3 0.632911 3.2 0 3.2 0 
27.0971 2.45 0 2.35 0 3.2 0 3.2 0 
27.1761 2.45 0.632911 2.35 0 3.2 0 3.2 0 
27.2551 2.5 0 2.35 0 3.2 0 3.2 0 
27.3341 2.5 0 2.35 0 3.2 0 3.2 0 
27.4131 2.5 0 2.35 0 3.2 0 3.2 0 
27.4921 2.5 0.632911 2.35 0.632911 3.2 0 3.2 0 
27.5711 2.55 0 2.4 0 3.2 0 3.2 0 
27.6501 2.55 0 2.4 0 3.2 0 3.2 0 
27.7291 2.55 0 2.4 0 3.2 0 3.2 0 
27.8081 2.55 0.632911 2.4 0.632911 3.2 0 3.2 0 
27.8871 2.6 0 2.45 0 3.2 0 3.2 0 
27.9661 2.6 0 2.45 0 3.2 0 3.2 0 
28.0451 2.6 0 2.45 0 3.2 0 3.2 0 
28.1241 2.6 0.632911 2.45 0.632911 3.2 0 3.2 0 
28.2031 2.65 0 2.5 0 3.2 0 3.2 0 
28.2821 2.65 0 2.5 0.632911 3.2 0 3.2 0 
28.3611 2.65 0 2.55 0 3.2 0 3.2 0 
28.4401 2.65 0 2.55 0 3.2 0 3.2 0 
28.5191 2.65 0.632911 2.55 0 3.2 0 3.2 0 
28.5981 2.7 0 2.55 0.632911 3.2 0 3.2 0 
28.6771 2.7 0 2.6 0 3.2 0 3.2 0 
28.7561 2.7 0 2.6 0 3.2 0 3.2 0 
28.8351 2.7 0.632911 2.6 0.632911 3.2 0 3.2 0 
28.9141 2.75 0 2.65 0 3.2 0 3.2 0 
28.9931 2.75 0 2.65 0 3.2 0 3.2 0 
29.0721 2.75 0 2.65 0 3.2 0 3.2 0 
29.1511 2.75 0.632911 2.65 0.632911 3.2 0 3.2 0 
29.2301 2.8 0 2.7 0 3.2 0 3.2 0 
29.3091 2.8 0 2.7 0 3.2 0 3.2 0 
29.3881 2.8 0 2.7 0 3.2 0 3.2 0 
29.4671 2.8 0.632911 2.7 0.632911 3.2 0 3.2 0 
29.5461 2.85 0 2.75 0 3.2 0 3.2 0 
29.6251 2.85 0 2.75 0 3.2 0 3.2 0 
29.7041 2.85 0 2.75 0.632911 3.2 0 3.2 0 
29.7831 2.85 0 2.8 0 3.2 0 3.2 0 
29.8621 2.85 0.632911 2.8 0 3.2 0 3.2 0 
29.9411 2.9 0 2.8 0 3.2 0 3.2 0 
30.0201 2.9 0 2.8 0.632911 3.2 0 3.2 0 
30.0991 2.9 0.632911 2.85 0 3.2 0 3.2 0 
30.1781 2.95 0 2.85 0 3.2 0 3.2 0 
30.2571 2.95 0 2.85 0.632911 3.2 0 3.2 0 
30.3361 2.95 0 2.9 0 3.2 0 3.2 0 
30.4151 2.95 0 2.9 0 3.2 0 3.2 0 
30.4941 2.95 0.632911 2.9 0 3.2 0 3.2 0 
30.5731 3 0 2.9 0.632911 3.2 0 3.2 0 
30.6521 3 0 2.95 0 3.2 0 3.2 0 
30.7311 3 0 2.95 0 3.2 0 3.2 0 
30.8101 3 0.632911 2.95 0.632911 3.2 0 3.2 0 
30.8891 3.05 0 3 0 3.2 0 3.2 0 
30.9681 3.05 0 3 0 3.2 0 3.2 0 
31.0471 3.05 0 3 0 3.2 0 3.2 0 
31.1261 3.05 0 3 0.632911 3.2 0 3.2 0 
31.2051 3.05 0.632911 3.05 0 3.2 0 3.2 0 
31.2841 3.1 0 3.05 0 3.2 0 3.2 0 
31.3631 3.1 0 3.05 0 3.2 0 3.2 0 
31.4421 3.1 0 3.05 0.632911 3.2 0 3.2 0 
31.5211 3.1 0 3.1 0 3.2 0 3.2 0 
31.6001 3.1 0 3.1 0 3.2 0 3.2 0 
31.6791 3.1 0 3.1 0 3.2 0 3.2 0 
31.7581 3.1 0.632911 3.1 0.632911 3.2 0 3.2 0 
31.8371 3.15 0 3.15 0 3.2 0 3.2 0 
31.9161 3.15 0 3.15 0 3.2 0 3.2 0 
31.9951 3.15 0 3.15 0 3.2 0 3.2 0 
32.0741 3.15 0 3.15 0 3.2 0 3.2 0 
32.1531 3.15 0 3.15 0 3.2 0 3.2 0 
32.2321 3.15 0 3.15 0.632911 3.2 0 3.2 0 
32.3111 3.15 0 3.2 0 3.2 0 3.2 0 
32.3901 3.15 0 3.2 0 3.2 0 3.2 0 
32.4691 3.15 0.632911 3.2 0 3.2 0 3.2 0 
32.5481 3.2 0 3.2 0 3.2 0 3.2 0 
32.6271 3.2 0 3.2 0 3.2 0 3.2 0 
32.7061 3.2 0 3.2 0 3.2 0 3.2 0 
32.7851 3.2 0 3.2 0 3.2 0 3.2 0 
32.8641 3.2 0 3.2 0 3.2 0 3.2 0 
32.9431 3.2 0 3.2 0 3.2 0 3.2 0 
33.0221 3.2 0 3.2 0 3.2 0 3.2 0 
33.1011 3.2 0 3.2 0 3.2 0 3.2 0 
33.1801 3.2 0 3.2 0 3.2 0 3.2 0 
33.2591 3.2 0 3.2 0 3.2 0 3.2 0 
33.3381 3.2 0 3.2 0 3.2 0 3.2 0 
33.4171 3.2 0 3.2 0 3.2 0 3.2 0 
33.4961 3.2 0 3.2 0 3.2 0 3.2 0 
33.5751 3.2 0 3.2 0 3.2 0 3.2 0 
33.6541 3.2 0 3.2 0 3.2 0 3.2 0 
33.7331 3.2 0 3.2 0 3.2 0 3.2 0 
33.8121 3.2 0 3.2 0 3.2 0 3.2 0 
33.8911 3.2 0 3.2 0 3.2 0 3.2 0 
33.9701 3.2 0 3.2 0 3.2 0 3.2 0 
34.0491 3.2 0 3.2 0 3.2 0 3.2 0 
34.1281 3.2 0 3.2 0 3.2 0 3.2 0 
34.2071 3.2 0 3.2 0 3.2 0 3.2 0 
34.2861 3.2 0 3.2 0 3.2 0 3.2 0 
34.3651 3.2 0 3.2 0 3.2 0 3.2 0 
34.4441 3.2 0 3.2 0 3.2 0 3.2 0 
34.5231 3.2 0 3.2 0 3.2 0 3.2 0 
34.6021 3.2 0 3.2 0 3.2 0 3.2 0 
34.6811 3.2 0 3.2 0 3.2 -0.632911 3.2 0 
34.7601 3.2 0 3.2 0 3.15 0 3.2 0 
34.8391 3.2 0 3.2 0 3.15 0 3.2 0 
34.9181 3.2 0 3.2 0 3.15 0 3.2 -0.632911 
34.9971 3.2 0 3.2 0 3.15 0 3.15 0 
35.0761 3.2 0 3.2 0 3.15 0 3.15 0 
35.1551 3.2 0 3.2 0 3.15 0 3.15 0 
35.2341 3.2 0 3.2 0 3.15 0 3.15 0 
35.3131 3.2 0 3.2 0 3.15 0 3.15 0 
35.3921 3.2 0 3.2 0 3.15 0 3.15 0 
35.4711 3.2 0 3.2 0 3.15 0 3.15 0 
35.5501 3.2 0 3.2 0 3.15 -0.632911 3.15 0 
35.6291 3.2 0 3.2 0 3.1 0 3.15 0 
35.7081 3.2 0 3.2 0 3.1 0 3.15 0 
35.7871 3.2 0 3.2 0 3.1 0 3.15 0 
35.8661 3.2 0 3.2 0 3.1 0 3.15 0 
35.9451 3.2 0 3.2 0 3.1 0 3.15 0 
36.0241 3.2 0 3.2 0 3.1 0 3.15 0 
36.1031 3.2 0 3.2 0 3.1 0 3.15 -0.632911 
36.1821 3.2 0 3.2 0 3.1 0 3.1 0 
36.2611 3.2 0 3.2 0 3.1 0 3.1 0 
36.3401 3.2 0 3.2 0 3.1 0 3.1 0 
36.4191 3.2 0 3.2 0 3.1 0 3.1 0 
36.4981 3.2 0 3.2 0 3.1 0 3.1 0 
36.5771 3.2 0 3.2 0 3.1 0 3.1 0 
36.6561 3.2 0 3.2 0 3.1 0 3.1 0 
36.7351 3.2 0 3.2 0 3.1 0 3.1 0 
36.8141 3.2 0 3.2 0 3.1 0 3.1 0 
36.8931 3.2 0 3.2 0 3.1 0 3.1 0 
36.9721 3.2 0 3.2 0 3.1 0 3.1 0 
37.0511 3.2 0 3.2 0 3.1 0 3.1 0 
37.1301 3.2 0 3.2 0 3.1 0 3.1 0 
37.209 3.2 0 3.2 0 3.1 0 3.1 0 
37.288 3.2 0 3.2 0 3.1 0 3.1 0 
37.367 3.2 0 3.2 0 3.1 0 3.1 0 
37.446 3.2 0 3.2 0 3.1 0 3.1 0 
37.525 3.2 0 3.2 0 3.1 0 3.1 0 
37.604 3.2 0 3.2 0 3.1 0 3.1 0 
37.683 3.2 0 3.2 0 3.1 0 3.1 0 
37.762 3.2 0 3.2 0 3.1 0 3.1 0 
37.841 3.2 0 3.2 0 3.1 0 3.1 0 
37.92 3.2 0 3.2 0 3.1 0 3.1 0 
37.999 3.2 0 3.2 0 3.1 0 3.1 0 
38.078 3.2 0 3.2 0 3.1 0 3.1 0 
38.157 3.2 0 3.2 0 3.1 0 3.1 0 
38.236 3.2 0 3.2 0 3.1 0 3.1 0 
38.315 3.2 0 3.2 0 3.1 0 3.1 0 
38.394 3.2 0 3.2 0 3.1 0 3.1 0 
38.473 3.2 0 3.2 0 3.1 0 3.1 0 
38.552 3.2 0 3.2 0 3.1 0 3.1 0 
38.631 3.2 0 3.2 0 3.1 0 3.1 0 
38.71 3.2 0 3.2 0 3.1 0 3.1 0 
38.789 3.2 0 3.2 0 3.1 0 3.1 0 
38.868 3.2 0 3.2 0 3.1 0 3.1 0 
38.947 3.2 0 3.2 0 3.1 0 3.1 0 
39.026 3.2 0 3.2 0 3.1 0 3.1 0 
39.105 3.2 0 3.2 0 3.1 0 3.1 0 
39.184 3.2 0 3.2 0 3.1 -0.632911 3.1 0 
39.263 3.2 0 3.2 0 3.05 0 3.1 0 
39.342 3.2 0 3.2 0 3.05 0 3.1 0 
39.421 3.2 0 3.2 0 3.05 0 3.1 0 
39.5 3.2 0 3.2 0 3.05 0 3.1 0 
39.579 3.2 0 3.2 0 3.05 0 3.1 0 
39.658 3.2 0 3.2 0 3.05 0 3.1 0 
39.737 3.2 0 3.2 0 3.05 0 3.1 0 
39.816 3.2 0 3.2 0 3.05 0 3.1 0 
39.895 3.2 0 3.2 0 3.05 0 3.1 0 
39.974 3.2 0 3.2 0 3.05 0 3.1 0 
40.053 3.2 0 3.2 0 3.05 0 3.1 0 
40.132 3.2 0 3.2 0 3.05 0 3.1 0 
40.211 3.2 0 3.2 0 3.05 0.632911 3.1 0 
40.29 3.2 0 3.2 0 3.1 0 3.1 0 
40.369 3.2 0 3.2 0 3.1 0 3.1 0 
40.448 3.2 0 3.2 0 3.1 0 3.1 0 
40.527 3.2 0 3.2 0 3.1 0 3.1 0 
40.606 3.2 0 3.2 0 3.1 0 3.1 0 
40.685 3.2 0 3.2 0 3.1 0 3.1 0 
40.764 3.2 0 3.2 0 3.1 0 3.1 0 
40.843 3.2 0 3.2 0 3.1 0 3.1 0 
40.922 3.2 0 3.2 0 3.1 0 3.1 0 
41.001 3.2 0 3.2 0 3.1 0 3.1 0 
41.08 3.2 0 3.2 0 3.1 0 3.1 0 
41.159 3.2 0 3.2 0 3.1 0 3.1 0 
41.238 3.2 0 3.2 0 3.1 0 3.1 0 
41.317 3.2 0 3.2 0 3.1 0 3.1 0 
41.396 3.2 0 3.2 0 3.1 0 3.1 0 
41.475 3.2 0 3.2 0 3.1 0 3.1 0 
41.554 3.2 0 3.2 0 3.1 0 3.1 0 
41.633 3.2 0 3.2 0 3.1 0 3.1 0 
41.712 3.2 0 3.2 0 3.1 0 3.1 0 
41.791 3.2 0 3.2 0 3.1 0 3.1 0 
41.87 3.2 0 3.2 0 3.1 0 3.1 0 
41.949 3.2 0 3.2 0 3.1 0 3.1 0 
42.028 3.2 0 3.2 0 3.1 0.632911 3.1 0 
42.107 3.2 0 3.2 0 3.15 0 3.1 0 
42.186 3.2 0 3.2 0 3.15 0 3.1 0 
42.265 3.2 0 3.2 0 3.15 0 3.1 0 
42.344 3.2 0 3.2 0 3.15 0 3.1 0 
42.423 3.2 0 3.2 0 3.15 0 3.1 0 
42.502 3.2 0 3.2 0 3.15 0 3.1 0 
42.581 3.2 0 3.2 0 3.15 0 3.1 0 
42.66 3.2 0 3.2 0 3.15 0 3.1 0 
42.7389 3.2 0 3.2 0 3.15 0 3.1 0 
42.8179 3.2 0 3.2 0 3.15 0 3.1 0 
42.8969 3.2 0 3.2 0 3.15 -0.632911 3.1 0 
42.9759 3.2 0 3.2 0 3.1 0.632911 3.1 0 
43.0549 3.2 0 3.2 0 3.15 0 3.1 0 
43.1339 3.2 0 3.2 0 3.15 0 3.1 0 
43.2129 3.2 0 3.2 0 3.15 0 3.1 0 
43.2919 3.2 0 3.2 0 3.15 0 3.1 0 
43.3709 3.2 0 3.2 0 3.15 -0.632911 3.1 0 
43.4499 3.2 0 3.2 0 3.1 0 3.1 0 
43.5289 3.2 0 3.2 0 3.1 0 3.1 0 
43.6079 3.2 0 3.2 0 3.1 0 3.1 -0.632911 
43.6869 3.2 0 3.2 0 3.1 -0.632911 3.05 -0.632911 
43.7659 3.2 -0.632911 3.2 0 3.05 0 3 0 
43.8449 3.15 -0.632911 3.2 -1.26582 3.05 -0.632911 3 -1.26582 
43.9239 3.1 -1.26582 3.1 -1.26582 3 -1.26582 2.9 -1.89873 
44.0029 3 -2.53165 3 -1.26582 2.9 -1.26582 2.75 -0.632911 
44.0819 2.8 -1.89873 2.9 -1.89873 2.8 -1.26582 2.7 -1.89873 
44.1609 2.65 -1.26582 2.75 -1.26582 2.7 -1.26582 2.55 -1.26582 
44.2399 2.55 -1.89873 2.65 -2.53165 2.6 -1.89873 2.45 -2.53165 
44.3189 2.4 -3.16456 2.45 -1.89873 2.45 -1.89873 2.25 -1.89873 
44.3979 2.15 -1.26582 2.3 -1.89873 2.3 -3.16456 2.1 -1.89873 
44.4769 2.05 -0.632911 2.15 -1.89873 2.05 -1.89873 1.95 -1.26582 
44.5559 2 -1.89873 2 -1.26582 1.9 -1.26582 1.85 -1.26582 
44.6349 1.85 -0.632911 1.9 -1.26582 1.8 -1.26582 1.75 -1.26582 
44.7139 1.8 -1.89873 1.8 -0.632911 1.7 -1.26582 1.65 -0.632911 
44.7929 1.65 0 1.75 -0.632911 1.6 -0.632911 1.6 -0.632911 
44.8719 1.65 -0.632911 1.7 -1.26582 1.55 -0.632911 1.55 -0.632911 
44.9509 1.6 -0.632911 1.6 -0.632911 1.5 0 1.5 -0.632911 
45.0299 1.55 0 1.55 0 1.5 -1.26582 1.45 -0.632911 
45.1089 1.55 -0.632911 1.55 -0.632911 1.4 0 1.4 0 
45.1879 1.5 0 1.5 -0.632911 1.4 -0.632911 1.4 0 
45.2669 1.5 -0.632911 1.45 0 1.35 0 1.4 -0.632911 
45.3459 1.45 0 1.45 0 1.35 0 1.35 0 
45.4249 1.45 0 1.45 0 1.35 0 1.35 0 
45.5039 1.45 0 1.45 0 1.35 0 1.35 0 
45.5829 1.45 0 1.45 -0.632911 1.35 -0.632911 1.35 0 
45.6619 1.45 0 1.4 0.632911 1.3 0 1.35 0 
45.7409 1.45 0 1.45 0 1.3 0.632911 1.35 0 
45.8199 1.45 0 1.45 0 1.35 0 1.35 0 
45.8989 1.45 0 1.45 0 1.35 0 1.35 0 
45.9779 1.45 0 1.45 0 1.35 0 1.35 0 
46.0569 1.45 0 1.45 0 1.35 0 1.35 0.632911 
46.1359 1.45 0 1.45 0 1.35 0.632911 1.4 0 
46.2149 1.45 0 1.45 0.632911 1.4 0 1.4 0.632911 
46.2939 1.45 0.632911 1.5 0 1.4 0 1.45 0.632911 
46.3729 1.5 0.632911 1.5 0.632911 1.4 0.632911 1.5 0 
46.4519 1.55 0 1.55 0.632911 1.45 0.632911 1.5 0.632911 
46.5309 1.55 0.632911 1.6 0 1.5 0 1.55 0 
46.6099 1.6 0 1.6 0.632911 1.5 0.632911 1.55 0.632911 
46.6889 1.6 0.632911 1.65 0 1.55 0.632911 1.6 0.632911 
46.7679 1.65 0.632911 1.65 0.632911 1.6 0 1.65 0 
46.8469 1.7 0 1.7 0 1.6 0.632911 1.65 0.632911 
46.9259 1.7 0.632911 1.7 0 1.65 0 1.7 0 
47.0049 1.75 0 1.7 0.632911 1.65 0.632911 1.7 0 
47.0839 1.75 0.632911 1.75 0 1.7 0 1.7 0.632911 
47.1629 1.8 0 1.75 0 1.7 0 1.75 0 
47.2419 1.8 0 1.75 0 1.7 0 1.75 0 
47.3209 1.8 0 1.75 0 1.7 0 1.75 0 
47.3999 1.8 0 1.75 0 1.7 0 1.75 0 
47.4789 1.8 0 1.75 0 1.7 0 1.75 -0.632911 
47.5579 1.8 0 1.75 0 1.7 0 1.7 0 
47.6369 1.8 -0.632911 1.75 0 1.7 0 1.7 0 
47.7159 1.75 0 1.75 -0.632911 1.7 0 1.7 -0.632911 
47.7949 1.75 -0.632911 1.7 0 1.7 0 1.65 0 
47.8739 1.7 -0.632911 1.7 -0.632911 1.7 -0.632911 1.65 -0.632911 
47.9529 1.65 -0.632911 1.65 -0.632911 1.65 -0.632911 1.6 -0.632911 
48.0319 1.6 -1.26582 1.6 0 1.6 -0.632911 1.55 -0.632911 
48.1109 1.5 0 1.6 -0.633714 1.55 -0.633714 1.5 -0.633714 
48.1898 1.5 -0.632911 1.55 -0.632911 1.5 0 1.45 -0.632911 
48.2688 1.45 0 1.5 -0.632911 1.5 -0.632911 1.4 -0.632911 
48.3478 1.45 -0.632911 1.45 -0.632911 1.45 -0.632911 1.35 -0.632911 
48.4268 1.4 -0.632911 1.4 -0.632911 1.4 -0.632911 1.3 -0.632911 
48.5058 1.35 -0.632911 1.35 0 1.35 0 1.25 -0.632911 
48.5848 1.3 0 1.35 -0.632911 1.35 -0.632911 1.2 0 
48.6638 1.3 0 1.3 -0.632911 1.3 0 1.2 -0.632911 
48.7428 1.3 -0.632911 1.25 0 1.3 -0.632911 1.15 0 
48.8218 1.25 0 1.25 0 1.25 0 1.15 -0.632911 
48.9008 1.25 0 1.25 -0.632911 1.25 0 1.1 -0.632911 
48.9798 1.25 -0.632911 1.2 0 1.25 -0.632911 1.05 0 
49.0588 1.2 0 1.2 0 1.2 0 1.05 0 
49.1378 1.2 0 1.2 0 1.2 0 1.05 -0.632911 
49.2168 1.2 0 1.2 0 1.2 0 1 0 
49.2958 1.2 0 1.2 0 1.2 0 1 -0.632886 
49.3748 1.2 0 1.2 0 1.2 0 0.950002 0 
49.4538 1.2 0 1.2 0 1.2 0 0.950002 0 
49.5328 1.2 0 1.2 0 1.2 0 0.950002 -0.632911 
49.6118 1.2 0.632911 1.2 0 1.2 0 0.900002 0 
49.6908 1.25 0 1.2 0.632911 1.2 0 0.900002 0 
49.7698 1.25 0 1.25 0 1.2 0 0.900002 0 
49.8488 1.25 0 1.25 0 1.2 0 0.900002 0 
49.9278 1.25 0.632911 1.25 0 1.2 0 0.900002 0 
50.0068 1.3 0 1.25 0.632911 1.2 0 0.900002 0 
50.0858 1.3 0 1.3 0 1.2 0 0.900002 0 
50.1648 1.3 0 1.3 0 1.2 0 0.900002 0 
50.2438 1.3 0.632911 1.3 0 1.2 0 0.900002 0 
50.3228 1.35 0 1.3 0 1.2 0 0.900002 0 
50.4018 1.35 0 1.3 0.632911 1.2 0.632911 0.900002 0 
50.4808 1.35 0 1.35 0 1.25 0 0.900002 0 
50.5598 1.35 0 1.35 0 1.25 0 0.900002 0 
50.6388 1.35 0 1.35 0 1.25 0 0.900002 0 
50.7178 1.35 0 1.35 0 1.25 0 0.900002 0 
50.7968 1.35 0 1.35 0 1.25 0 0.900002 0 
50.8758 1.35 0 1.35 0 1.25 0 0.900002 0.632911 
50.9548 1.35 0 1.35 0.632911 1.25 0 0.950002 0 
51.0338 1.35 0 1.4 0 1.25 0 0.950002 0 
51.1128 1.35 0 1.4 0 1.25 0 0.950002 0 
51.1918 1.35 0 1.4 0 1.25 0 0.950002 0 
51.2708 1.35 0 1.4 0 1.25 0 0.950002 0 
51.3498 1.35 0 1.4 0 1.25 0 0.950002 0 
51.4288 1.35 0 1.4 0 1.25 0 0.950002 0 
51.5078 1.35 0 1.4 0 1.25 0 0.950002 0 
51.5868 1.35 0 1.4 0 1.25 0 0.950002 0 
51.6658 1.35 0 1.4 0 1.25 0 0.950002 0 
51.7448 1.35 0 1.4 0 1.25 0 0.950002 0 
51.8238 1.35 0 1.4 0 1.25 0 0.950002 0 
51.9028 1.35 0 1.4 0 1.25 0 0.950002 0.632886 
51.9818 1.35 0 1.4 0 1.25 0 1 0 
52.0608 1.35 0 1.4 0 1.25 0 1 0 
52.1398 1.35 -0.632911 1.4 0 1.25 0 1 0 
52.2188 1.3 0 1.4 0 1.25 0 1 0 
52.2978 1.3 0 1.4 0 1.25 0 1 0 
52.3768 1.3 0 1.4 0 1.25 0 1 0 
52.4558 1.3 -0.632911 1.4 -0.632911 1.25 0 1 0 
52.5348 1.25 0 1.35 0 1.25 0 1 0 
52.6138 1.25 -0.632911 1.35 0 1.25 0 1 0 
52.6928 1.2 0 1.35 -0.632911 1.25 -0.632911 1 0 
52.7718 1.2 0 1.3 0 1.2 0 1 0 
52.8508 1.2 0 1.3 0 1.2 0 1 0 
52.9298 1.2 0 1.3 -0.632911 1.2 0 1 0 
53.0088 1.2 -0.632911 1.25 0 1.2 0 1 0 
53.0878 1.15 0 1.25 -0.632911 1.2 -0.632911 1 0 
53.1668 1.15 0 1.2 0 1.15 0 1 0 
53.2458 1.15 0 1.2 0 1.15 0 1 0 
53.3248 1.15 -0.632911 1.2 0 1.15 0 1 0 
53.4038 1.1 0 1.2 0 1.15 0 1 0 
53.4828 1.1 0 1.2 -0.632911 1.15 -0.632911 1 0 
53.5618 1.1 0 1.15 0 1.1 0 1 0 
53.6408 1.1 0 1.15 0 1.1 0 1 0 
53.7197 1.1 1.15 1.1 1 
